src_segmentnr	src_original	tgt_segmentnr	tgt_original
K10D0343_H0351:361a-1	པ༏་ཀྱེ༏་བདག་གིས་ནི་བཅོམ་ལྡན་འདས་སུམ་ཅུ་རྩ་གསུམ་པའི་ལྷ་ཡུལ་ན་ཤིང་གི་རྒྱལ་པོ་ཡོངས་འདུ་ས་རྟོལ་གྱི་དྲུང་ནས་ཐག་མི་རིང་བ་ཞིག་ན་རྡོ་ལེབ་སྣམ་བུ་དཀར་པོ་ལྟ་བུའི་སྟེང་དུ་དབྱར་གནས་པར་དམ་བཞེས་ཏེ་། སྐུ་བསྐྲུན་པའི་ཡུམ་དང་། སུམ་ཅུ་རྩ་གསུམ་པའི་ལྷ་གཞན་དག་ལའང་ཆོས་སྟོན་ཅིང་བཞུགས་སོ་ཞེས་ཐོས་སོ་༎	T02n0099_019:0134a16_3	「我聞世尊在三十三天驄色虛軟石上，去波梨耶多羅、拘毘陀羅香樹不遠夏安居，為母及三十三天說法。
K10D0343_H0351:361a-3	དེ་ནས་འཁོར་བཞི་པོ་རྣམས་ཚེ་དང་ལྡན་པ་མོའུ་འགལ་གྱི་བུ་ཆེན་པོས་སྨྲས་པ་ལ་མངོན་པར་བསྟོད་ཅིང་རྗེས་སུ་ཡི་རངས་ཏེ་རྐང་པ་ལ་ཕྱག་བཙལ་ནས་སྟན་ལས་ལངས་ཏེ་དོང་ངོ་༎	T02n0099_019:0134a17_14	」時，諸四眾聞尊者大目揵連所說，歡喜隨喜，各從座起，作禮而去。
K10D0343_H0351:361a-4	དེ་ནས་འཁོར་བཞི་པོ་རྣམས་དབྱར་ཟླ་བ་གསུམ་འདས་ནས་། ཚེ་དང་ལྡན་པ་མོའུ་འགལ་གྱི་བུ་ཆེན་པོ་ག་ལ་བ་དེར་དོང་སྟེ་ལྷགས་ནས་། ཚེ་དང་ལྡན་པ་མོའུ་འགལ་གྱི་བུ་ཆེན་པོའི་རྐང་པ་ལ་མགོ་བོས་ཕྱག་བཙལ་ཏེ་ཕྱོགས་གཅིག་ཏུ་འཁོད་ནས་།	T02n0099_019:0134a19_13	時，諸四眾過三月安居已，復詣尊者大目揵連所，稽首禮足，退坐一面。
K10D0343_H0351:360a-9	ན་བཟའ་དང་། ཞལ་ཟས་དང་། གཟིམས་ཆ་དང་། གདན་དང་སྙུན་གསོས་དང་། སྨན་ཟོང་རྣམས་བརྙེས་པ་། ཉན་ཐོས་ཀྱི་དགེ་འདུན་དང་བཅས་པ་སུམ་ཅུ་རྩ་གསུམ་པའི་ལྷ་ཡུལ་ན་ཤིང་གི་རྒྱལ་པོ་ཡོངས་འདུ་ས་རྟོལ་གྱི་དྲུང་ནས་ཐག་མི་རིང་བ་ཞིག་ན་། རྡོ་ལེབ་སྣམ་བུ་དཀར་པོ་ལྟ་བུའི་སྟེང་དུ་དབྱར་གནས་པར་དམ་བཞེས་ཏེ་། སྐུ་བསྐྲུན་པའི་ཡུམ་དང་། སུམ་ཅུ་རྩ་གསུམ་པའི་ལྷ་གཞན་དག་ལའང་ཆོས་སྟོན་ཏོ་༎ དེའི་ཚེ་ཚེ་དང་༄༣༦༠བ་ལྡན་པ་མོའུ་འགལ་གྱི་བུ་ཆེན་པོ་ནི་མཉན་དུ་ཡོད་པ་ན་། རྒྱལ་བུ་རྒྱལ་བྱེད་ཀྱི་ཚལ་ཁྱིམ་བདག་མགོན་མེད་ཟས་སྦྱིན་གྱི་ཀུན་དགའ་ར་བ་ན་དབྱར་གནས་པར་དམ་བཅས་སོ་༎	T02n0099_019:0134a10_17	爾時，尊者大目揵連在舍衛國祇樹給孤獨園安居。
K10D0343_H0351:360b-2	དེ་ནས་འཁོར་བཞི་པོ་རྣམས་ཚེ་དང་ལྡན་པ་མོའུ་འགལ་གྱི་བུ་ཆེན་པོ་ག་ལ་བ་དེར་དོང་སྟེ་ལྷགས་ནས་། ཚེ་དང་ལྡན་པ་མོའུ་འགལ་གྱི་བུ་ཆེན་པོའི་རྐང་པ་ལ་མགོ་བོས་ཕྱག་བཙལ་ཏེ་ཕྱོགས་གཅིག་ཏུ་འཁོད་དོ་༎ ཕྱོགས་གཅིག་ཏུ་འཁོད་ནས་ཚེ་དང་ལྡན་པ་མོའུ་འགལ་གྱི་བུ་ཆེན་པོས་ཆོས་ཀྱི་གཏམ་གྱིས་ཡང་དག་པར་བསྟན་། ཡང་དག་པར་འཛིན་དུ་བཅུག་། ཡང་དག་པར་གཟེངས་བསྟོད་། ཆོས་ཀྱིས་གཏམ་རྣམ་གྲངས་དུ་མས་ཡང་དག་པར་བསྟན་། ཡང་དག་པར་འཛིན་དུ་བཅུག་། ཡང་དག་པར་གཟེངས་བསྟོད་།	T02n0099_019:0134a12_12	時，諸四眾詣尊者大目揵連所，稽首禮足，退坐一面，白尊者大目揵連：
K10D0343_H0351:361a-0	ཚེ་དང་ལྡན་པ་མོའུ་འགལ་གྱི་བུ་ཆེན་པོས་སྨྲས་༄༣༦༡ཨ་༌༎	T02n0099_019:0134a13_13	」尊者大目揵連答言：
K10D0343_H0351:361a-7	ཚེ་དང་ལྡན་པ་མོའུ་འགལ་གྱི་བུ་ཆེན་པོས་འཁོར་བཞི་པོ་རྣམས་ཆོས་ཀྱི་གཏམ་གྱིས་ཡང་དག་པར་བསྟན་། ཡང་དག་པར་འཛིན་དུ་བཅུག་། ཡང་དག་པར་གཟེངས་བསྟོད་། ཡང་དག་པར་དགའ་བར་བྱེད་དོ་༎ ཆོས་ཀྱི་གཏམ་རྣམ་གྲངས་དུ་མས་ཡང་དག་པར་བསྟན་།	T02n0099_019:0134a20_17	時，尊者大目揵連為諸四眾種種說法，示、教、照、喜；
K10D0343_H0351:361b-4	བཙུན་པ་མོའུ་འགལ་གྱི་བུ་ཆེན་པོ་།	T02n0099_019:0134a22_17	「尊者大目揵連！
K10D0343_H0351:361b-5	མཁྱེན་པར་མཛད་དུ་གསོལ་། བདག་ཅག་གིས་བཅོམ་ལྡན་འདས་ཀྱི་ཞལ་མ་མཐོང་ནས་རིང་མོ་ཞིག་ལགས་ཏེ་། བདག་ཅག་ནི་བཅོམ་ལྡན་འདས་མཐོང་བས་སྐོམ་ལགས་སོ་༎ བདག་ནི་བཅོམ་ལྡན་འདས་མཐོང་བར་འཚལ་ཏེ་།	T02n0099_019:0134a23_16	當知我等不見世尊已久，眾甚虛渴欲見世尊。
K10D0343_H0351:361b-9	གལ་ཏེ་བཙུན་པ་མོའུ་འགལ་གྱི་བུ་ཆེན་པོ་ལ་གནོད་པ་མ་མཆིས་ན་།	T02n0099_019:0134a24_5	尊者大目揵連！
K10D0343_H0351:361b-10	བཙུན་པ་མོའུ་འགལ་གྱི་བུ་ཆེན་པོ་བཅོམ་ལྡན་འདས་ག་ལ་བ་དེར་གཤེགས་ཏེ་བྱོན་ནས་ཞབས་ལ་ཕྱག་བཞེས་ཏེ་གནོད་པ་ཆུང་ངམ་།	T02n0099_019:0134a25_13	若不憚勞者，願為我等往詣三十三天，普為我等問訊世尊：
K10D0343_H0351:361b-11	ཉམ་ང་བ་ཆུང་ངམ་། བསྐྱོད་པ་ཡང་ངམ་། འཚོའམ་། སྟོབས་དང་ལྡན་ནམ་། བདེ་བ་དང་ལྡན་ནམ་། མི་བདེ་བ་མི་མངའམ་།	T02n0099_019:0134a26_11	『少病少惱，起居輕利，安樂住不？
K10D0343_H0351:361a-12	ཡང་དག་པར་འཛིན་དུ་བཅུག་། ཡང་དག་པར་གཟེངས་བསྟོད་། ཡང་དག་པར་དགའ་བར་བྱས་ནས་བཅང་མི་༄༣༦༡བ་ཟེར་བ་འདུག་གོ་།	T02n0099_019:0134a21_6	示、教、照、喜已，默然而住。
K10D0343_H0351:361b-1	དེ་ནས་འཁོར་བཞི་པོ་རྣམས་སྟན་ལས་ལངས་ཏེ་བླ་གོས་ཕྲག་པ་གཅིག་ཏུ་གཟར་ནས་། ཚེ་དང་ལྡན་པ་མོའུ་འགལ་གྱི་བུ་ཆེན་པོ་ག་ལ་བ་དེ་ལོགས་སུ་ཐལ་མོ་སྦྱར་བ་བཏུད་དེ་། ཚེ་དང་ལྡན་པ་མོའུ་འགལ་གྱི་བུ་ཆེན་པོ་ལ་འདི་སྐད་ཅེས་སྨྲས་སོ་༎	T02n0099_019:0134a22_9	時，諸四眾從座而起，稽首作禮，白尊者大目揵連：
K10D0343_H0351:362a-4	དེ་ནས་ཚེ་དང་ལྡན་པ་མོའུ་འགལ་གྱི་བུ་ཆེན་པོས་འཁོར་བཞི་པོ་རྣམས་ལ་ཅང་མི་སྨྲ་བས་ཁས་བླངས་སོ་༎ དེ་ནས་འཁོར་བཞི་པོ་རྣམས་ཀྱིས་ཚེ་དང་ལྡན་པ་མོའུ་འགལ་གྱི་བུ་ཆེན་པོས་ཅང་མི་སྨྲ་བས་ཁས་བླངས་པར་རིག་ནས་། ཚེ་དང་ལྡན་པ་མོའུ་འགལ་གྱི་བུ་ཆེན་པོའི་རྐང་པ་ལ་མགོ་བོས་ཕྱག་བཙལ་ཏེ་སྟན་ལས་ལངས་ཏེ་དོང་ངོ་༎	T02n0099_019:0134b01_6	』」時，尊者大目犍連默然而許。 時，諸四眾知尊者大目犍連默然許已，各從座起，作禮而去。
K10D0343_H0351:361b-16	བདེ་བ་ལ་རེག་པར་གནས་སམ་ཞེས་གསོལ་ལ་འདི་སྐད་ཅེས་ཀྱང་གསུངས་ཤིག་།	T02n0099_019:0134a26_17	』又白世尊：
K10D0343_H0351:361b-17	བཙུན་པ་། འཛམ་བུའི་གླིང་བའི་འཁོར་བཞི་པོ་རྣམས་བཅོམ་ལྡན་འདས་མཐོང་བར་འཚལ་ཏེ་། འདི་སྐད་དུ་། བཙུན་པ་། འཛམ་བུའི་གླིང་པའི་མི་རྣམས་ལ་ནི་གང་གིས་འཛམ་བུའི་གླིང་པའི་མི་རྣམས་བཅོམ་ལྡན་འདས་ལ་བལྟ་བ་དང་། ཐད་དུ་མཆི་བ་དང་། བསྙེན་བཀུར་༄༣༦༢ཨ་༌༎ བགྱི་བའི་སླད་དུ་སུམ་ཅུ་རྩ་གསུམ་པའི་ལ་ཡུལ་དུ་མཆི་བ་དེ་ལྟ་བུའི་རྫུ་འཕྲུལ་དང་། མཐུ་མ་མཆིས་ལ་། སུམ་ཅུ་རྩ་གསུམ་པའི་ལྷ་རྣམས་ལ་ནི་གང་གིས་སུམ་ཅུ་རྩ་གསུམ་པའི་ལྷ་རྣམས་བཅོམ་ལྡན་འདས་ལ་བལྟ་བ་དང་། ཐད་དུ་མཆི་བ་དང་། བསྙེན་བཀུར་བགྱི་བའི་སླད་དུ་འཛམ་བུའི་གླིང་དུ་མཆི་བ་དེ་ལྟ་བུའི་རྫུ་འཕྲུལ་དང་། མཐུ་མཆིས་ན་ཐུགས་བརྩེ་བའི་སླད་དུ་བཅོམ་ལྡན་འདས་སུམ་ཅུ་རྩ་གསུམ་པའི་ལྷ་ཡུལ་ནས་འཛམ་བུའི་གླིང་དུ་གཤེགས་སུ་གསོལ་ཞེས་མཆིའོ་ཞེས་མོལ་དུ་གསོལ་།	T02n0099_019:0134a29_12	『閻浮提四眾願見世尊，而無神力昇三十三天禮敬世尊，三十三天自有神力來下人中，唯願世尊還閻浮提，以哀愍故。
K10D0343_H0351:362a-7	དེ་ནས་ཚེ་དང་ལྡན་པ་མོའུ་འགལ་གྱི་བུ་ཆེན་པོས་འཁོར་བཞི་པོ་རྣམས་དོང་ནས་རིང་པོ་མ་ལོན་པར་རིག་ནས་། ཇི་ལྟར་སེམས་མཉམ་པར་བཞག་ན་། དཔེར་ན་། མི་སྟོབས་པོ་ཆེ་ལག་པ་བསྐུམ་པ་ལས་བརྐྱང་པའམ་། བརྐྱང་པ་ལས་བསྐུམ་པ་བཞིན་དུ་ཚེ་དང་ལྡན་པ་མོའུ་འགལ་གྱི་བུ་ཆེན་པོ་མཉན་དུ་༄༣༦༢བ་ཡོད་པ་ནས་མི་སྣང་བར་གྱུར་ཏེ་། སུམ་ཅུ་རྩ་གསུམ་པའི་ལྷའི་ཡུལ་ན་ཤིང་གི་རྒྱལ་པོ་ཡོངས་འདུ་ས་རྟོལ་གྱི་དྲུང་ནས་ཐག་མི་རིང་བ་ཞིག་ན་རྡོ་ལེབ་སྣམ་བུ་དཀར་པོ་ལྟ་བུར་འདུག་པ་དེར་སོན་པར་འགྱུར་བ་དེ་ལྟ་བུའི་ཏིང་ངེ་འཛིན་ལ་སྙོམས་པར་ཞུགས་སོ	T02n0099_019:0134b06_12	爾時，尊者大目犍連知四眾去已，即入三昧，如其正受，如大力士屈伸臂頃，從舍衛國沒，於三十三天驄色虛軟石上，去波梨耶多羅、拘毘陀羅香樹不遠而現。
K10D0343_H0351:362b-2	༎ དེའི་ཚེ་བཅོམ་ལྡན་འདས་ནི་ལྷའི་འཁོར་བརྒྱ་ཕྲག་དུ་མའི་གུང་ལ་བཞུགས་ཏེ་ཆོས་སྟོན་ཏོ་༎	T02n0099_019:0134b07_12	爾時，世尊與三十三天眾無量眷屬圍繞說法。
K10D0343_H0351:362b-3	དེ་ནས་ཚེ་དང་ལྡན་པ་མོའུ་འགལ་གྱི་བུ་ཆེན་པོས་བཅོམ་ལྡན་འདས་ལྷའི་འཁོར་བརྒྱ་ཕྲག་དུ་མའི་གུང་ལ་བཞུགས་ཏེ་ཆོས་སྟོན་པ་མཐོང་ངོ་༎ མཐོང་ནས་ཀྱང་འཛུམ་དམུལ་ཏེ་།	T02n0099_019:0134b08_15	時，尊者大目犍連遙見世尊，踊躍歡喜，作是念：
K10D0343_H0351:362b-5	བཅོམ་ལྡན་འདས་ནི་ཇི་ལྟར་འཛམ་བུའི་གླིང་ན་འཁོར་བཞི་པོ་རྣམས་ཀྱིས་གང་བ་བཞིན་དུ་འདི་ནའང་འཁོར་མང་པོ་དང་བཞུགས་སོ་སྙམ་མོ་༎	T02n0099_019:0134b10_1	「今日世尊，諸天大眾圍繞說法，與閻浮提眾會不異。
K10D0343_H0351:363a-0	དེ་ནས་ཚེ་དང་ལྡན་པ་མོའུ་འགལ་གྱི་བུ་ཆེན་པོ་བཅོམ་༄༣༦༣ཨ་༌༎ ལྡན་འདས་གལ་བ་དེར་སོང་སྟེ་ཕྱིན་ནས་། བཅོམ་ལྡན་འདས་ཀྱི་ཞབས་ལ་མགོ་བོས་ཕྱག་བཙལ་ཏེ་ཕྱོགས་གཅིག་ཏུ་འདུག་གོ་། ཕྱོགས་གཅིག་ཏུ་འདུག་ནས་ཚེ་དང་ལྡན་པ་མོའུ་འགལ་གྱི་བུ་ཆེན་པོས་ལྷའི་འཁོར་ཐམས་ཅད་ལ་བལྟས་ཏེ་། བཅོམ་ལྡན་འདས་ལ་འདི་སྐད་ཅེས་གསོལ་ཏོ་༎	T02n0099_019:0134b14_16	」爾時，尊者大目犍連稽首佛足，退坐一面，白世尊言：
K10D0343_H0351:362b-6	དེ་ནས་བཅོམ་ལྡན་འདས་ཀྱིས་ཚེ་དང་ལྡན་པ་མོའུ་འགལ་གྱི་བུ་ཆེན་པོའི་སེམས་ཐུགས་ཀྱིས་མཁྱེན་ནས་། ཚེ་དང་ལྡན་པ་མོའུ་འགལ་གྱི་བུ་ཆེན་པོ་ལ་འདི་སྐད་ཅེས་བཀའ་སྩལ་ཏོ༏་༏མོའུ་འགལ་གྱི་བུ་།	T02n0099_019:0134b11_8	」爾時，世尊知尊者大目犍連心之所念，語尊者大目犍連言：
K10D0343_H0351:362b-8	འདི་དག་ལ་ནི་རང་དབང་མེད་དེ་།	T02n0099_019:0134b11_14	「大目犍連！
K10D0343_H0351:362b-9	གང་གི་ཚེ་ངས་དེང་ཞིག་ཅེས་བསམས་ན་ནི་དེའི་ཚེ་འདོང་བར་འགྱུར་རོ་༎ གང་གི་ཚེ་ངས་ཤོག་ཅིག་ཅེས་བསམས་ན་ནི་དེའི་ཚེ་འོང་བར་འགྱུར་རོ་༎ སེམས་ཀྱིས་ངའི་བསམས་པ་ཤེས་ནས་འོང་བ་དང་འདོང་བར་འགྱུར་རོ་༎	T02n0099_019:0134b13_13	非為自力，我欲為諸天說法，彼即來集，欲令其去，彼即還去，彼隨心來，隨心去也。
K10D0343_H0351:363a-5	བཙུན་པ་། ཀྱེ་མ་ལྷའི་འཁོར་སྣ་ཚོགས་འདུས་ཤིང་འཁོད་ལགས་སོ་༎ ལྷའི་འཁོར་གྱི་ནང་ན་སངས་རྒྱས་ལ་ཤེས་ནས་དད་པ་དང་ལྡན་ཏེ་ལུས་དང་བྲལ་ནས་འདིར་སྐྱེས་པའི་ལྷ་དེ་ལྟ་བུ་དག་ཀྱང་མཆིས་སོ་༎ ཆོས་དང་། དགེ་འདུན་དང་། འཕགས་པ་དགྱེས་པའི་ཚུལ་ཁྲིམས་ལ་ཤེས་ནས་དད་པ་དང་ལྡན་ཏེ་། ལུས་དང་བྲལ་ནས་འདིར་སྐྱེས་པ་དག་ཀྱང་མཆིས་སོ་༎ དེ་ནས་བཅོམ་ལྡན་འདས་ཀྱིས་ཚེ་དང་ལྡན་པ་མོའུ་འགལ་གྱི་བུ་ཆེན་པོས་སྨྲས་པ་ལ་མཐུན་པར་དགོངས་ཏེ་།	T02n0099_019:0134b16_19	「種種諸天大眾雲集，彼天眾中，有曾從佛世尊聞所說法，得不壞淨，身壞命終，來生於此？
K10D0343_H0351:363a-10	ཚེ་དང་ལྡན་པ་མོའུ་འགལ་གྱི་བུ་ཆེན་པོ་ལ་འདི་སྐད་ཅེས་བཀའ་སྩལ་ཏོ་༎ མོའུ་འགལ་གྱི་བུ་ཆེན་པོ་།	T02n0099_019:0134b17_8	」佛告尊者大目犍連：
K10D0343_H0351:363b-9	ཆོས་དང་། དགེ་འདུན་དང་། འཕགས་པ་དགྱེས་པའི་ཚུལ་ཁྲིམས་ལ་ཤེས་ནས་དད་པ་དང་ལྡན་ཏེ་། ལུས་དང་བྲལ་ནས་འདིར་སྐྱེས་པ་དེ་ལྟ་བུ་དག་ཀྱང་ཡོད་དོ་༎	T02n0099_019:0134b24_14	此中種種眾會皆是宿命，曾聞正法，得於佛不壞淨，法、僧不壞淨，聖戒成就，身壞命終，來生於此。
K10D0343_H0351:363b-11	དེ་ནས་ལྷའི་བུ་གཞན་ཞིག་གིས་ཀྱང་བཅོམ་ལྡན་འདས་ཀྱིས་གསུངས་པ་དང་། ཚེ་དང་ལྡན་པ་མོའུ་འགལ་གྱི་བུ་ཆེན་པོ་དང་། ལྷའི་དབང་པོ་བརྒྱ་བྱིན་གྱིས་སྨྲས་པ་ལ་མཐུན་པར་བསམས་ཏེ་། བཙུན་པ་མོའུ་འགལ་གྱི་བུ་ཆེན་པོ་།	T02n0099_019:0134b26_13	」時，有異比丘見世尊與尊者大目犍連及天帝釋語言善相述可已，語尊者大目犍連：
K10D0343_H0351:363b-14	དེ་ནི་དེ་བཞིན་ནོ་༎	T02n0099_019:0134b26_20	「如是，如是。
K10D0343_H0351:364a-1	ལུས་དང་བྲལ་ནས་འདིར་སྐྱེས་བའི་ལྷ་དེ་ལྟ་བུ་དག་ཀྱང་ཡོད་དོ་༎ ཆོས་དང་། དགེ་འདུན་དང་། འཕགས་པ་དགྱེས་པའི་ཚུལ་ཁྲིམས་ལ་ཤེས་ནས་དད་པ་དང་ལྡན་ཏེ་། ལུས་དང་བྲལ་ནས་འདིར་སྐྱེས་པ་དེ་ལྟ་བུ་དག་ཀྱང་ཡོད་དོ་༎	T02n0099_019:0134b29_18	是中種種諸天來會此者，皆是宿命曾聞正法，得於佛不壞淨，法、僧不壞淨，聖戒成就，身壞命終，而來生此。
K10D0343_H0351:364a-7	བདག་ཅག་ནི་སངས་རྒྱས་ལ་ཤེས་ནས་དང་པ་དང་ལྡན་ཏེ་། ལུས་དང་བྲལ་ནས་འདིར་སྐྱེས་པ་ལགས་སོ་༎	T02n0099_019:0134c02_6	「世尊！ 我亦成就於佛不壞淨，故來生此。
K10D0343_H0351:364a-4	དེ་ནས་ལྷ་ཁ་ཅིག་སྟན་ལས་ལངས་ཏེ་བླ་གོས་ཕྲག་པ་གཅིག་ཏུ་གཟར་ནས་། བཅོམ་ལྡན་འདས་ག་ལ་བ་དེ་ལོགས་སུ་ཐལ་མོ་སྦྱར་བ་བཏུད་དེ་། བཅོམ་ལྡན་འདས་ལ་འདི་སྐད་ཅེས་གསོལ་ཏོ༏་༏བཙུན་པ་།	T02n0099_019:0134c02_2	」時，有一天子從座起，整衣服，偏袒右肩，合掌白佛：
K10D0343_H0351:364a-9	ལྷ་གཞན་དག་གཅིག་གིས་ཀྱང་འདི་སྐད་ཅེས་གསོལ་ཏོ་༎	T02n0099_019:0134c03_8	」復有天子言：
K10D0343_H0351:363a-12	དེ་ནི་དེ་བཞིན་ནོ་༎	T02n0099_019:0134b17_15	「如是，如是。
K10D0343_H0351:363a-14	ཀྱེ་མ་། ལྷའི་འཁོར་སྣ་ཚོགས་འདུས་ཤིང་འཁོད་དོ་༎ ལྷའི་འཁོར་གྱི་ནང་ན་སངས་རྒྱས་བཅོམ་ལྡན་འདས་ལ་ཤེས་ནས་དད་པ་དང་ལྡན་ཏེ་། ལུས་དང་བྲལ་ནས་འདིར་སྐྱེས་པའི་ལྷ་དེ་ལྟ་བུ་དག་ཀྱང་ཡོད་༄༣༦༣བ་དོ༏་༏ཆོས་དང་། དགེ་འདུན་དང་། འཕགས་པ་དགྱེས་པའི་ཚུལ་ཁྲིམས་ལ་ཤེས་ནས་དད་པ་དང་ལྡན་ཏེ་། ལུས་དང་བྲལ་ནས་འདིར་སྐྱེས་པའི་ལྷ་དེ་ལྟ་བུ་དག་ཀྱང་ཡོད་དོ་༎	T02n0099_019:0134b20_1	此中種種諸天來雲集者，有從宿命聞法，得佛不壞淨，法、僧不壞淨，聖戒成就，身壞命終，來生於此。
K10D0343_H0351:363b-2	དེ་ནས་ལྷའི་དབང་པོ་བརྒྱ་བྱིན་གྱིས་བཅོམ་ལྡན་འདས་ཀྱིས་གསུངས་པ་དང་། ཚེ་དང་ལྡན་པ་མོའུ་འགལ་གྱི་བུ་ཆེན་པོས་སྨྲས་པ་ལ་མཐུན་པར་བསམས་ཏེ་། ཚེ་དང་ལྡན་པ་མོའུ་འགལ་གྱི་བུ་ཆེན་པོ་ལ་འདི་སྐད་ཅེས་སྨྲས་སོ་༎ བཙུན་པ་མོའུ་འགལ་གྱི་བུ་ཆེན་པོ་།	T02n0099_019:0134b21_16	」時，天帝釋見世尊與尊者大目犍連歎說，諸天眾共語已，語尊者大目犍連：
K10D0343_H0351:363b-5	དེ་ནི་དེ་བཞིན་ནོ་༎	T02n0099_019:0134b22_2	「如是，如是。
K10D0343_H0351:364a-10	བཙུན་པ་། བདག་ཅག་ནི་ཆོས་དང་། དགེ་འདུན་དང་། འཕགས་པ་དགྱེས་པའི་ཚུལ་ཁྲིམས་ལ་ཤེས་ནས་དད་པ་དང་ལྡན་ཏེ་། ལུས་དང་བྲལ་ནས་འདིར་སྐྱེས་པ་ལགས་སོ་༎	T02n0099_019:0134c03_16	「我得法不壞淨。 」有言得僧不壞淨，有言聖戒成就，故來生此。
K10D0343_H0351:364a-12	དེ་ནས་དེར་ལྷ་བརྒྱ་ཕྲག་དུ་མ་དང་། ལྷ་སྟོང་ཕྲག་དུ་མ་དང་། ལྷ་འབུམ་ཕྲག་དུ་མ་བཅོམ་ལྡན་འདས་ཀྱི་སྤྱན་སྔར་སོ་སོའི་རྒྱུན་དུ་ཞུགས་པའི་འབྲས་བུ་བརྡ་སྤྲོད་པ་བྱས་ནས་དེ་ཉིད་དུ་མི་སྣང་བར་གྱུར་ཏོ་༎	T02n0099_019:0134c06_11	如是諸天無量千數，於世尊前各自記說得須陀洹法，悉於佛前即沒不現。
K10D0343_H0351:364a-13	དེ་ནས་ཚེ་དང་ལྡན་པ་མོའུ་འགལ་གྱི་བུ་ཆེན་པོས་ལྷ་རྣམས་དོང་བར་རིག་ནས་། བླ་གོས་ཕྲག་པ་༄༣༦༤བ་གཅིག་ཏུ་གཟར་ཏེ་བཅོམ་ལྡན་འདས་ག་ལ་བ་དེ་ལོགས་སུ་ཐལ་མོ་སྦྱར་བ་བཏུད་ནས་།	T02n0099_019:0134c08_6	時，尊者大目犍連知諸天眾去，不久從座起，整衣服，偏袒右肩，白佛言：
K10D0343_H0351:364b-1	བཅོམ་ལྡན་འདས་ལ་འདི་སྐད་ཅེས་གསོལ་ཏོ་༎	T02n0099_019:0134c08_10	「世尊！
K10D0343_H0351:364b-2	བཙུན་པ་། འཛམ་བུའི་གླིང་ན་འཁོར་བཞི་པོ་མཆིས་པ་རྣམས་བཅོམ་ལྡན་འདས་ཀྱི་ཞབས་ལ་ཕྱག་བཙལ་ཏེ་། གནོད་པ་ཆུང་ངམ་། ཉམ་ང་བ་ཉུང་ངམ་། བསྐྱོད་པ་ཡང་ངམ་། འཚོའམ་། སྟོབས་དང་ལྡན་ནམ་།	T02n0099_019:0134c09_8	閻浮提四眾稽首敬禮世尊足，問訊世尊：
K10D0343_H0351:364b-7	བདེ་བ་དང་ལྡན་ནམ་། བདེ་བ་ལ་རེག་པ་ལ་གནས་སམ་ཞེས་ཀྱང་མཆིས་ལགས་སོ་༎ བཅོམ་ལྡན་འདས་ཀྱིས་བཀའ་སྩལ་པ་།	T02n0099_019:0134c10_3	『少病少惱，起居輕利，安樂住不？
K10D0343_H0351:364b-11	མོའུ་འགལ་གྱི་བུ་ཁྱོད་དང་། འཛམ་བུའི་གླིང་ན་འཁོར་བཞི་པོ་འཁོད་པ་རྣམས་བདེ་བར་གྱུར་ཅིག་།	T02n0099_019:0134c10_14	』四眾思慕，願見世尊。
K10D0343_H0351:365a-0	སུམ་ཅུ་རྩ་གསུམ་པའི་ལྷ་རྣམས་ལ་ནི་གང་གིས་སུམ་ཅུ་རྩ་གསུམ་པའི་ལྷ་རྣམས་བཅོམ་ལྡན་འདས་ལ་བལྟ་བ་དང་། ཐད་དུ་མཆི་བ་༄༣༦༥ཨ་༌༎ དང་། བསྙེན་བཀུར་བགྱི་བའི་སླད་དུ་འཛམ་བུའི་གླིང་དུ་མཆི་བ་དེ་ལྟ་བུའི་རྫུ་འཕྲུལ་དང་། མཐུ་མཆིས་ན་ཐུགས་བརྩེ་བའི་སླད་དུ་བཅོམ་ལྡན་འདས་སུམ་ཅུ་རྩ་གསུམ་པའི་ལྷ་ཡུལ་ནས་འཛམ་བུའི་གླིང་དུ་གཤེགས་སུ་གསོལ་ཞེས་ཀྱང་མཆིའོ་༎	T02n0099_019:0134c13_12	『我等人間無有神力昇三十三天禮覲世尊，然彼諸天有大德力悉能來下至閻浮提，唯願世尊還閻浮提，愍四眾故。
K10D0343_H0351:365a-2	བཅོམ་ལྡན་འདས་ཀྱིས་བཀའ་སྩལ་པ་། མོའུ་འགལ་གྱི་བུ་།	T02n0099_019:0134c13_20	』」佛告目犍連：
K10D0343_H0351:365a-4	འོ་ན་ཁྱོད་འཛམ་བུའི་གླིང་དུ་སོང་ལ་འཁོར་བཞི་པོ་རྣམས་ལ་།	T02n0099_019:0134c14_11	「汝可還彼，語閻浮提人：
K10D0343_H0351:365a-7	དེ་ནས་ཚེ་དང་ལྡན་པ་མོའུ་འགལ་གྱི་བུ་ཆེན་པོས་བཅོམ་ལྡན་འདས་ཀྱིས་བཀའ་སྩལ་པ་མཉན་ཏེ་།	T02n0099_019:0134c17_3	』」尊者大目揵連受世尊教，即入三昧。
K10D0343_H0351:365a-8	བཅོམ་ལྡན་འདས་ཀྱི་ཞབས་ལ་མགོ་བོས་ཕྱག་བཙལ་ནས་ཇི་ལྟར་སེམས་མཉམ་པར་བཞག་ན་། དཔེར་ན་། མི་སྟོབས་པོ་ཆེ་ལག་པ་བསྐུམ་པ་ལས་བརྐྱང་པའམ་། བརྐྱང་པ་ལས་བསྐུམ་པ་བཞིན་དུ་ཚེ་དང་ལྡན་པ་མོའུ་འགལ་གྱི་བུ་ཆེན་པོ་སུམ་ཅུ་རྩ་གསུམ་པའི་ལྷ་ཡུལ་ནས་མི་སྣང་བར་གྱུར་ཏེ་།	T02n0099_019:0134c18_11	譬如力士屈伸臂頃，從三十三天沒，至閻浮提，告諸四眾： 「諸人當知，世尊却後七日，從三十三天還閻浮提僧迦舍城，於外門外優曇鉢樹下。
K10D0343_H0351:361b-1	དེ་ནས་འཁོར་བཞི་པོ་རྣམས་སྟན་ལས་ལངས་ཏེ་བླ་གོས་ཕྲག་པ་གཅིག་ཏུ་གཟར་ནས་། ཚེ་དང་ལྡན་པ་མོའུ་འགལ་གྱི་བུ་ཆེན་པོ་ག་ལ་བ་དེ་ལོགས་སུ་ཐལ་མོ་སྦྱར་བ་བཏུད་དེ་། ཚེ་དང་ལྡན་པ་མོའུ་འགལ་གྱི་བུ་ཆེན་པོ་ལ་འདི་སྐད་ཅེས་སྨྲས་སོ་༎ བཙུན་པ་མོའུ་འགལ་གྱི་བུ་ཆེན་པོ་། མཁྱེན་པར་མཛད་དུ་གསོལ་། བདག་ཅག་གིས་བཅོམ་ལྡན་འདས་ཀྱི་ཞལ་མ་མཐོང་ནས་རིང་མོ་ཞིག་ལགས་ཏེ་།	T02n0099_019:0134c08_6	時，尊者大目犍連知諸天眾去，不久從座起，整衣服，偏袒右肩，白佛言：
K10D0343_H0351:365a-5	ཀྱེ༏་བཅོམ་ལྡན་འདས་ནི་ད་སྟེ་ཞག་བདུན་ན་སུམ་ཅུ་རྩ་གསུམ་པའི་ལྷ་ཡུལ་ནས་འཛམ་བུའི་གླིང་དུ་གྲོང་ཁྱེར་སྣང་ལྡན་གྱི་འདབ་། ཨཨ་བད་ཛ་རའི་ནགས་སུ་ཤིང་ཨཽ་དུམ་ཝའ་རའི་དྲུང་དུ་གཤེགས་སོ་ཞེས་སྒྲོན་ཅིག་།	T02n0099_019:0134c16_6	『却後七日，世尊當從三十三天還閻浮提僧迦舍城，於外門外優曇鉢樹下。
K10D0343_H0351:361b-18	འདི་སྐད་དུ་།	T02n0099_019:0134c10_19	又白世尊：
K10D0343_H0351:362a-0	བཙུན་པ་། འཛམ་བུའི་གླིང་པའི་མི་རྣམས་ལ་ནི་གང་གིས་འཛམ་བུའི་གླིང་པའི་མི་རྣམས་བཅོམ་ལྡན་འདས་ལ་བལྟ་བ་དང་། ཐད་དུ་མཆི་བ་དང་། བསྙེན་བཀུར་༄༣༦༢ཨ་༌༎ བགྱི་བའི་སླད་དུ་སུམ་ཅུ་རྩ་གསུམ་པའི་ལ་ཡུལ་དུ་མཆི་བ་དེ་ལྟ་བུའི་རྫུ་འཕྲུལ་དང་། མཐུ་མ་མཆིས་ལ་།	T02n0099_019:0134c13_12	『我等人間無有神力昇三十三天禮覲世尊，然彼諸天有大德力悉能來下至閻浮提，唯願世尊還閻浮提，愍四眾故。
K10D0343_H0351:361b-7	བདག་ཅག་ནི་བཅོམ་ལྡན་འདས་མཐོང་བས་སྐོམ་ལགས་སོ་༎ བདག་ནི་བཅོམ་ལྡན་འདས་མཐོང་བར་འཚལ་ཏེ་། གལ་ཏེ་བཙུན་པ་མོའུ་འགལ་གྱི་བུ་ཆེན་པོ་ལ་གནོད་པ་མ་མཆིས་ན་།	T02n0099_019:0134c08_10	「世尊！
K10D0343_H0351:361b-11	ཉམ་ང་བ་ཆུང་ངམ་། བསྐྱོད་པ་ཡང་ངམ་། འཚོའམ་། སྟོབས་དང་ལྡན་ནམ་། བདེ་བ་དང་ལྡན་ནམ་། མི་བདེ་བ་མི་མངའམ་། བདེ་བ་ལ་རེག་པར་གནས་སམ་ཞེས་གསོལ་ལ་འདི་སྐད་ཅེས་ཀྱང་གསུངས་ཤིག་།	T02n0099_019:0134c10_3	『少病少惱，起居輕利，安樂住不？
K10D0343_H0351:361b-17	བཙུན་པ་། འཛམ་བུའི་གླིང་བའི་འཁོར་བཞི་པོ་རྣམས་བཅོམ་ལྡན་འདས་མཐོང་བར་འཚལ་ཏེ་།	T02n0099_019:0134c10_14	』四眾思慕，願見世尊。
K10D0343_H0351:181a-6	བཙུན་པ་། འདིར་བདག་གཅིག་པུ་དབེན་པར་མཆིས་ནས་ནང་དུ་ཡང་དག་འཇོག་ལ་ཞུགས་པ་ན་། སེམས་ལ་འདི་ལྟ་བུའི་སེམས་ཀྱི་ཡོངས་སུ་རྟོག་པ་གྱུར་སྟེ་། འདི་ལྟ་སྟེ་།	T02n0099_027:0195b15_17	「世尊！ 我獨一靜處禪思思惟，作是念：
K10D0343_H0351:181a-14	དགེ་བའི་བཤེས་གཉེན་དང་། དགེ་བའི་གྲོགས་པོ་དང་། དགེ་བའི་རྟེན་འདི་ནི་ཚངས་པར་སྤྱོད་པའི་ཕྱེད་ཡིན་གྱི་། སྡིག་པའི་བཤེས་གཉེན་དང་། སྡིག་པའི་གྲོགས་པོ་དང་། སྡིག་པའི་རྟེན་ནི་དེ་ལྟ་མ་ཡིན་ནོ་ཞེས་མ་ཟེར་ཅིག་།	T02n0099_027:0195b20_1	『半梵行者，謂善知識、善伴黨、善隨從，非惡知識、惡伴黨、惡隨從。
K10D0343_H0351:181a-16	དེ་ཅིའི་ཕྱིར་ཞེ་ན་།	T02n0099_027:0195b20_7	』所以者何？
K10D0343_H0351:181a-17	ཀུན་དགའ་བོ་། འདི་ལྟ་སྟེ་། དགེ་བའི་བཤེས་༄༡༨༡བ་གཉེན་དང་། དགེ་བའི་གྲོགས་པོ་དང་། དགེ་བའི་རྟེན་འདི་ནི་ཚངས་པར་སྤྱོད་པ་རིལ་པོ་དང་། མ་འདྲེས་པ་དང་། ཡོངས་སུ་རྫོགས་པ་དང་། ཡོངས་སུ་དག་པ་དང་། ཡོངས་སུ་བྱང་བ་ཡིན་གྱི་། སྡིག་པའི་བཤེས་གཉེན་དང་། སྡིག་པའི་གྲོགས་པོ་དང་། སྡིག་པའི་རྟེན་ནི་དེ་ལྟ་མ་ཡིན་ནོ་༎	T02n0099_027:0195b22_2	純一滿靜，梵行清白，所謂善知識、善伴黨、善隨從，非惡知識、惡伴黨、惡隨從。
K10D0343_H0351:181a-9	དགེ་བའི་བཤེས་གཉེན་དང་། དགེ་བའི་གྲོགས་པོ་དང་། དགེ་བའི་རྟེན་འདི་ནི་ཚངས་པར་སྤྱོད་པའི་ཕྱེད་ལགས་ཀྱི་། སྡིག་པའི་བཤེས་གཉེན་དང་། སྡིག་པའི་གྲོགས་པོ་དང་། སྡིག་པའི་རྟེན་ནི་དེ་ལྟ་མ་ལགས་སོ་སྙམ་བགྱིད་དོ་༎	T02n0099_027:0195b18_1	『半梵行者，所謂善知識、善伴黨、善隨從，非惡知識、惡伴黨、惡隨從。
K10D0343_H0351:181a-11	བཅོམ་ལྡན་འདས་ཀྱིས་བཀའ་སྩལ་པ་། ཀུན་དགའ་བོ་།	T02n0099_027:0195b18_8	』」佛告阿難：
K10D0343_H0351:181a-13	ཁྱོད་། འདི་ལྟ་སྟེ་།	T02n0099_027:0195b18_14	「莫作是言：
K10D0343_H0351:181b-2	དེ་ཅིའི་ཕྱིར་ཞེ་ན་། ཀུན་དགའ་བོ་། དགེ་བའི་བཤེས་གཉེན་ལ་བརྟེན་ནས་། སེམས་ཅན་སྐྱེ་བའི་ཆོས་ཅན་རྣམས་སྐྱེ་བའི་ཆོས་ཅན་ལས་ཡོངས་སུ་གྲོལ་བར་འགྱུར་བ་དང་། སེམས་ཅན་རྒ་བ་དང་། ན་བ་དང་། འཆི་བ་དང་། མྱ་ངན་དང་། སྨྲེ་སྔགས་འདོན་པ་དང་། སྡུག་བསྔལ་བ་དང་།	T02n0099_027:0195b23_18	我為善知識故，有眾生於我所取念覺分，依遠離、依無欲、依滅、向於捨。
K10D0343_H0351:440b-8	དེ་ནས་བཅོམ་ལྡན་འདས་ཡོངས་སུ་མྱ་ངན་ལས་འདའ་བའི་དུས་ལ་བབ་པ་དེའི་ཚེ་། ཚེ་དང་ལྡན་པ་ཀུན་དགའ་བོ་ལ་བཀའ་སྩལ་པ་། ཀུན་དགའ་བོ་།	T02n0099_044:0325b04_7	爾時，世尊臨般涅槃，告尊者阿難：
K10D0343_H0351:181b-7	ཀུན་དགའ་བོ་། དེ་བས་ན་རྣམ་གྲངས་འདི་ཁོ་ནས་ཁྱོད་ཀྱིས་འདི་ལྟར་རིག་པར་བྱ་སྟེ་། འདི་ལྟ་སྟེ་།	T02n0099_027:0195b26_1	以是故當知，阿難！
K10D0343_H0351:181b-10	དགེ་བའི་བཤེས་གཉེན་དང་། དགེ་བའི་གྲོགས་པོ་དང་། དགེ་བའི་རྟེན་འདི་ནི་ཚངས་པར་སྤྱོད་པ་རིལ་པོ་དང་། མ་འདྲེས་པ་དང་། ཡོངས་སུ་རྫོགས་པ་དང་། ཡོངས་སུ་དག་པ་དང་། ཡོངས་སུ་བྱང་བ་ཡིན་གྱི་།	T02n0099_027:0195b27_18	純一滿靜，梵行清白，謂善知識、善伴黨、善隨從，非惡知識、非惡伴黨、非惡隨從。
K10D0343_H0351:440b-11	དེ་བཞིན་གཤེགས་པ་ནི་དོ་ནུབ་ནམ་ཕྱེད་ན་ཕུང་པོ་ལྷག་མ་མེད་པའི་མྱ་ངན་ལས་འདས་པའི་དབྱིངས་སུ་ཡོངས་སུ་མྱ་ངན་ལས་འདའ་བར་འགྱུར་གྱི་། ཤིང་སའ་ལ་ཟུང་གི་བར་དུ་དེ་བཞིན་གཤེགས་པའི་གཟིམས་ཁྲི་ཤོམས་ལ་སྔས་བྱང་ཕྱོགས་སུ་སྟོན་ཅིག་། དེ་ལྟར་འཚལ་ལོ་ཞེས་གསོལ་ཏེ་།	T02n0099_044:0325b05_18	「汝於堅固雙樹間敷繩床，北首，如來今日中夜於無餘涅槃而般涅槃。
K10D0343_H0351:440b-15	ཚེ་དང་ལྡན་པ་ཀུན་དགའ་བོས་། བཅོམ་ལྡན་འདས་ཀྱིས་བཀའ་སྩལ་པ་བཞིན་དུ་ཤིང་སའ་ལ་ཟུང་གི་བར་དུ་གཟིམས་ཁྲི་བཤམས་ཏེ་། སྔས་བྱང་༄༤༤༡ཨ་༌༎ ཕྱོགས་སུ་བསྟན་ནས་། བཅོམ་ལྡན་འདས་ག་ལ་དེ་ལོགས་སུ་སོང་སྟེ་ཕྱིན་ནས་། བཅོམ་ལྡན་འདས་ཀྱི་ཞབས་ལ་མགོ་བོས་ཕྱག་བཙལ་ཏེ་ཕྱོགས་གཅིག་ཏུ་འགྲེང་ངོ་༎	T02n0099_044:0325b08_4	」時，尊者阿難奉世尊教，於雙堅固樹間為世尊敷繩床，北首已，還世尊所，稽首禮足，白言世尊：
K10D0343_H0351:441a-4	ཕྱོགས་གཅིག་ཏུ་འགྲེང་ནས་། བཅོམ་ལྡན་འདས་ལ་ཚེ་དང་ལྡན་པ་ཀུན་དགའ་བོས་འདི་སྐད་ཅེས་གསོལ་ཏོ་༎ བཙུན་པ་། ཤིང་སའ་ལ་ཟུང་གི་བར་དུ་དེ་བཞིན་གཤེགས་པའི་གཟིམས་ཁྲི་བཤམས་ཏེ་། སྔས་བྱང་ཕྱོགས་སུ་བསྟན་ལགས་སོ་༎	T02n0099_044:0325b09_5	「已為如來於雙堅固樹間敷繩床，令北首。
K10D0343_H0351:441a-8	དེ་ནས་བཅོམ་ལྡན་འདས་གཟིམས་ཁྲི་ག་ལ་བ་དེར་གཤེགས་ཏེ་བྱོན་ནས་། གློ་ག-ཡས་ཕྱོགས་ཀྱིས་གཟིམས་ཏེ་ཞབས་བཤིབས་ནས་སྣང་བའི་འདུ་ཤེས་དང་། དྲན་པ་དང་། ཤེས་བཞིན་དང་ལྡན་ཞིང་མྱ་ངན་ལས་འདའ་བའི་འདུ་ཤེས་འབའ་ཤིག་ཐུགས་ལ་དགོངས་ནས་།	T02n0099_044:0325b10_14	」於是，世尊往就繩床，右脇著地，北首而臥，足足相累，繫念明相。
K10D0343_H0351:441a-10	དེར་བཅོམ་ལྡན་འདས་ནམ་ཕྱེད་ན་ཕུང་པོའི་ལྷག་མ་མེད་པའི་མྱ་ངན་ལས་འདས་པའི་དབྱིངས་སུ་ཡོངས་སུ་མྱ་ངན་ལས་འདས་སོ་༎	T02n0099_044:0325b11_14	爾時，世尊即於中夜，於無餘涅槃而般涅槃。
K10D0343_H0351:441a-11	སངས་རྒྱས་བཅོམ་ལྡན་འདས་ཡོངས་སུ་མྱ་ངན་ལས་འདས་མ་ཐག་པ་དེའི་མོད་ལས་ཆེན་པོ་ནི་ཤིན་ཏུ་ག-ཡོས་། སྐར་མདའ་ནི་ལྟུང་། བར་སྣང་ལས་ནི་ལྷའི་རྔ་སྒྲ་དག་བརྡུངས་སོ་༎ སངས་རྒྱས་བཅོམ་ལྡན་འདས་ཡོངས་སུ་མྱ་ངན་འདས་པའི་མོད་ལ་ནགས་ཀྱི་ཤིང་ལྗོན་པའི་མཆོག་ཤིང་སའ་ལ་ཟུང་འདུད་པར་གྱུར་ཏེ་། དེ་བཞིན་གཤེགས་པ་སེང་གེའི་ཐབས་སུ་གཟིམས་པ་ལ་མེ་ཏོག་དག་གིས་གཏོར་༄༤༤༡བ་ཏོ༏་༏སངས་རྒྱས་བཅོམ་ལྡན་འདས་ཡོངས་སུ་མྱ་ངན་ལས་འདས་མ་ཐག་པ་དེའི་ཚེ་།	T02n0099_044:0325b13_1	般涅槃已，雙堅固樹尋即生花，周匝垂下，供養世尊。
K10D0343_H0351:441b-8	ཀྱེ་མ་འདུ་བྱེད་རྣམས་མི་རྟག་། སྐྱེ་ཞིང་འཇིག་པའི་ཆོས་ཅན་ཡིན་༎ སྐྱེས་ནས་འགག་པར་འགྱུར་བ་སྟེ་༎	T02n0099_044:0325b17_0	「一切行無常，　　斯皆生滅法，
K10D0343_H0351:441b-11	དེ་དག་མྱར་བར་ཞི་བ་བདེ་༎	T02n0099_044:0325b18_13	雖生尋以滅，　　斯寂滅為樂。
K10D0343_H0351:441b-12	སངས་རྒྱས་བཅོམ་ལྡན་འདས་ཡོངས་སུ་མྱ་ངན་ལས་འདས་མ་ཐག་པ་དེའི་ཚེ་། མི་མཇེད་ཀྱི་བདག་པོ་ཚངས་པས་ཚིགས་སུ་བཅད་དེ་སྨྲས་པ་།	T02n0099_044:0325b19_16	」尋時，娑婆世界主梵天王次復說偈言：
K10D0343_H0351:441b-14	འཇིག་རྟེན་འདི་ན་སེམས་ཅན་ཀུན་༎ ལུས་རྣམས་ངེས་པར་འདོར་བར་བྱེད་༎	T02n0099_044:0325b20_0	「世間一切生，　　立者皆當捨，
K10D0343_H0351:441b-16	འཇིག་རྟེན་འདི་ན་ཟླ་མེད་པའི་༎ སྟོན་པ་པོ་ནི་འདི་འདྲ་བ་༎	T02n0099_044:0325b21_13	如是聖大師，　　世間無有比。
K10D0343_H0351:441b-1	དགེ་སློང་ཞིག་གིས་ཚིགས་སུ་བཅད་དེ་སྨྲས་པ་།	T02n0099_044:0325b13_12	時，有異比丘即說偈言：
K10D0343_H0351:441b-2	སའ་ལའི་ཚལ་གྱི་ཡོན་པའི་མཆོག་། འདི་ཉིད་མཛེས་པར་ལྡན་པ་སྟེ་༎ སྟོན་པ་མྱ་ངན་འདས་པ་ལ་། མེ་ཏོག་དག་གིས་ཡོངས་སུ་གཏོར་༎ སངས་རྒྱས་བཅོམ་ལྡན་འདས་ཡོངས་སུ་མྱ་ངན་ལས་འདས་མ་ཐག་པ་དེའི་ཚེ་།	T02n0099_044:0325b14_0	「善好堅固樹，　　枝條垂禮佛， 妙花以供養，　　大師般涅槃。
K10D0343_H0351:441b-7	ལྷའི་དབང་པོ་བརྒྱ་བྱིན་གྱིས་ཚིགས་སུ་བཅད་དེ་སྨྲས་པ་།	T02n0099_044:0325b16_9	」尋時，釋提桓因說偈：
K10D0343_H0351:175b-8	དེ་ནས་བཅོམ་ལྡན་འདས་ཀྱིས་དེའི་ཚེ་ཚིགས་སུ་བཅད་པ་དེ་གསུངས་པ་།	T02n0099_035:0254b04_7	」爾時，世尊即為說偈言：
K10D0343_H0351:175b-9	ང་ནི་ལོ་གྲངས་ཉི་ཤུ་དགུ་ལོན་ན་༎ དགེ་བ་གང་ཡིན་ཚོལ་ཕྱིར་རབ་ཏུ་བྱུང་༎ རབ་བཟང་ང་ནི་རབ་ཏུ་བྱུང་ནས་ཀྱང་༎	T02n0099_035:0254b05_0	「始年二十九，　　出家修善道，
K10D0343_H0351:441b-18	དེ་བཞིན་གཤེགས་པ་སྟོབས་བརྙེས་པ་༎ སྤྱན་ལྡན་ཡོངས་སུ་མྱ་ངན་འདས་༎ སངས་རྒྱས་བཅོམ་ལྡན་འདས་ཡོངས་སུ་མྱ་ངན་ལས་འདས་མ་ཐག་པ་དེའི་ཚེ་།	T02n0099_044:0325b22_0	逮得如來力，　　普為世間眼， 終歸會磨滅，　　入無餘涅槃。
K10D0343_H0351:441b-21	ཚེ་དང་ལྡན་པ་མ་འགགས་པས་ཚིགས་སུ་བཅད་དེ་སྨྲས་པ་།	T02n0099_044:0325b24_11	」尊者阿那律陀次復說偈言：
K10D0343_H0351:441b-22	བརྟན་པའི་ཐུགས་ལྡན་སྐྱོབ་པའོ་༎ ཕྱི་ནང་རྒྱུ་བའི་དབུགས་ཆད་དེ་༎ མི་ག-ཡོ་ཞི་ལ་བརྟེན་ནས་ཀྱང་༎	T02n0099_044:0325b25_0	「出息入息住，　　立心善攝護，
K10D0343_H0351:441b-26	རྣམ་པ་ཀུན་གྱི་མཆོག་ལྡན་པ་༎ སྟོན་པ་གང་ཚེ་འདས་གྱུར་པ་༎ དེ་ཚེ་འཇིགས་པ་ཆེན་པོ་བྱུང་༎ དེ་ཚེ་སྐྱི་ཡང་བུང་ཞེས་བྱེད་༎	T02n0099_044:0325b27_0	大恐怖相生，　　令人身毛竪， 一切行力具，　　大師般涅槃。
K10D0343_H0351:442a-2	མར་མེ་ཤི་བར་གྱུར་པ་ལྟར་༎ དེ་ཡི་ཐུགས་ནི་རྣམ་པར་གྲོལ་༎	T02n0099_044:0325c01_13	心法漸解脫，　　如薪盡火滅。
K10D0343_H0351:442a-4	སངས་རྒྱས་བཅོམ་ལྡན་འདས་ཡོངས་སུ་མྱ་ངན་ལས་འདས་ནས་ཞག་བདུན་ལོན་པ་དེའི་ཚེ་།	T02n0099_044:0325c03_3	」如來涅槃後七日，尊者阿難往枝提所，而說偈言：
K10D0343_H0351:175b-7	འདི་རྣམས་རང་རང་གི་དམ་བཅས་བརྟོགས་པ་ལགས་སམ་།	T02n0099_035:0254b03_18	為實各各有是宗不？
K10D0343_H0351:175b-16	འདི་ལས་ཕྱི་རོལ་དགེ་སྦྱོང་གཞན་ལའང་མེད་༎	T02n0099_035:0254b08_13	離斯少道分，　　此外無沙門。
K10D0343_H0351:175b-12	དེ་ཡི་ཕྱིན་ཆད་ལོ་ནི་ལྔ་བཅུ་གཅིག་།	T02n0099_035:0254b06_0	成道至於今，　　經五十餘年，
K10D0343_H0351:175b-17	རབ་བཟང་། ཆོས་འདུལ་བ་གང་ལ་འཕགས་པའི་ལམ་ཡན་ལག་བརྒྱད་པ་མེད་པ་དེ་ལ་ནི་དགེ་སྦྱོང་དང་པོའང་མེད་དོ་༎ དེ་ལ་ནི་དགེ་སྦྱོང་གཉིས་པ་དང་། གསུམ་པ་དང་། བཞི་པའང་མེད་དོ་༎	T02n0099_035:0254b09_6	」佛告須跋陀羅： 「於正法、律不得八正道者，亦不得初沙門，亦不得第二、第三、第四沙門。
K10D0343_H0351:176a-2	དགེ་སྦྱོང་གཉིས་པ་དང་། གསུམ་པ་དང་། བཞི་པའང་ཡོད་དོ་༎ འདི་ལ་ས་ཕྱི་རོལ་པ་ལ་ནི་དགེ་སྦྱོང་དང་། བྲམ་ཟེ་མེད་ལ་། ཕས་ཀྱི་རྒོལ་བདག་ནི་དགེ་སྦྱོང་རྣམས་དང་། བྲམ་ཟེ་རྣམས་ཀྱིས་སྟོང་སྟེ་། ང་ནི་འདིར་འཁོར་གྱི་ནང་དུ་དེ་སྐད་ཅེས་ཡང་དག་པར་སེང་གེའི་སྒྲ་སྒྲོགས་སོ་༎ ཆོས་ཀྱི་རྣམ་གྲངས་འདི་བཤད་པ་ན་ཀུན་ཏུ་རྒྱུ་རབ་བཟང་ཆོས་རྣམས་ལ་ཆོས་ཀྱི་མིག་རྡུལ་མེད་ཅིང་དྲི་མ་དང་བྲལ་བ་སྐྱེས་ཏེ་། ཀུན་ཏུ་རྒྱུ་རབ་བཟང་གིས་ཆོས་མཐོང་།	T02n0099_035:0254b14_1	於此法、律得八正道者，得初沙門，得第二、第三、第四沙門，除此已，於外道無沙門，斯則異道之師，空沙門、婆羅門耳。
K10D0343_H0351:433b-3	ཀྱེ་། གོཨོ་ཏ་མ་།	T02n0099_034:0249b03_1	「瞿曇！
K10D0343_H0351:433b-18	འོ་ན་ནི་ཁྱོད་སྐྱེ་བོ་མང་པོ་དང་མཐུན་པར་འགྱུར་ཞིང་མཚུངས་པར་འགྱུར་ཏེ་། སྐྱེ་བོ་མང་པོ་ཡང་དེ་ལྟར་ལྟ་ཞིང་དེ་སྐད་སྨྲ་ལ་། ཁྱོད་ཀྱང་དེ་སྐད་སྨྲ་བས་ན་ཁྱོད་ཀྱང་དེ་ཁོ་ན་དང་འདྲའོ་༎	T02n0099_034:0249b09_2	多人與汝所見同，多人作如是見、如是說，汝亦與彼相似，火種！
K10D0343_H0351:433b-21	མེའི་ཆ་ལུགས་ཅན་གྱི་བུ་དགེ་སྦྱོང་ངམ་། བྲམ་ཟེ་སུ་ཡང་རུང་སྟེ་། ལྟ་བ་དེ་ངེས་པར་སྤོང་ལ་༄༤༣༤ཨ་༌༎ ལྟ་བ་གཞན་ཡང་ལེན་པར་མི་བྱེད་པ་དེ་དག་ནི་འཇིག་རྟེན་ན་ཉུང་བ་བས་ཀྱང་ཆེས་ཉུང་ཞེས་བྱ་བ་༎	T02n0099_034:0249b10_16	若諸沙門、婆羅門捨斯等見，餘見不起，是等沙門、婆羅門世間亦少少耳。
K10D0343_H0351:433b-5	བཅོམ་ལྡན་འདས་ཀྱིས་བཀའ་སྩལ་པ་། མེའི་ཆ་ལུགས་ཅན་གྱི་བུ་།	T02n0099_034:0249b03_14	」佛告火種：
K10D0343_H0351:433b-7	བདག་ནི་ཐམས་ཅད་མི་འདོད་དོ་ཞེས་ལྟ་བ་གང་ཡིན་པ་འདི་ཡང་ཁྱོད་མི་འདོད་དམ་།	T02n0099_034:0249b04_10	「汝言一切見不忍者，此見亦不忍耶？
K10D0343_H0351:433b-12	ལྟ་བ་འདི་ཡང་སྤངས་པ་དང་། བོར་བ་དང་། བསལ་བར་འགྱུར་ལ་ལྟ་བ་གཞན་ཡང་ཉིད་མཚམས་སྦྱོར་བ་མེད་པ་དང་། ལེན་པ་མེད་པ་དང་། འབྱུང་བ་མེད་པར་འགྱུར་རོ་༎	T02n0099_034:0249b05_12	「向言一切見不忍者，此見亦不忍。
K10D0343_H0351:433b-14	བདག་ནི་དེ་ལྟར་ཤེས་ཤིང་དེ་ལྟར་ལྟ་བས་ལྟ་བ་འདི་ཡང་སྤངས་པ་དང་། བོར་བ་དང་། བསྩལ་བར་འགྱུར་ལ་། ལྟ་བ་གཞན་ཡང་། ཉིང་མཚམས་སྦྱོར་བ་མ་མཆིས་པ་དང་། འབྱུང་བ་མ་མཆིས་པར་འགྱུར་ལགས་སོ་༎	T02n0099_034:0249b07_10	「如是知、如是見，此見則已斷、已捨、已離，餘見更不相續、不起、不生。
K10D0343_H0351:433b-17	མེའི་ཆ་ལུགས་ཅན་གྱི་བུ་།	T02n0099_034:0249b07_13	火種！
K10D0343_H0351:434a-2	མེའི་ཆ་ལུགས་ཅན་གྱི་བུ་།	T02n0099_034:0249b10_20	「火種！ 依三種見。
K10D0343_H0351:434a-8	མེའི་ཆ་ལུགས་ཅན་གྱི་བུ་།	T02n0099_034:0249b14_9	火種！
K10D0343_H0351:434a-3	ལྟ་བའི་གནས་ནི་འདི་གསུམ་ཡིན་ཏེ༏་གསུམ་གང་ཞེ་ན་།	T02n0099_034:0249b11_9	何等為三？
K10D0343_H0351:434a-4	མེའི་ཆ་ལུགས་ཅན་གྱི་བུ་། འདི་ན་ཁ་ཅིག་ནི་བདག་ནི་ཐམས་ཅད་མི་འདོད་དོ་ཞེས་དེ་ལྟར་ལྟ་ཞིང་དེ་སྐད་སྨྲའོ་༎	T02n0099_034:0249b11_19	有一如是見、如是說： 『我一切忍。
K10D0343_H0351:434a-6	གཞན་ཡང་། འདི་ནི་ཁ་ཅིག་ནི་བདག་ནི་ཐམས་ཅད་འདོད་དོ་ཞེས་དེ་ལྟར་ལྟ་ཞིང་སྐད་སྨྲའོ་༎	T02n0099_034:0249b12_19	』復次，有一如是見、如是說： 『我一切不忍。
K10D0343_H0351:434a-7	གཞན་ཡང་། འདི་ན་ཁ་ཅིག་ནི་བདག་ནི་གཅིད་འདོད་ལ་གཅིག་མི་འདོད་དོ་ཞེས་དེ་ལྟར་ལྟ་ཞིང་དེ་སྐད་སྨྲའོ་༎	T02n0099_034:0249b13_17	』復次，有一如是見、如是說： 『我於一忍、一不忍』。
K10D0343_H0351:434a-9	དེ་ལ་བདག་ནི་ཐམས་ཅད་འདོད་དོ་ཞེས་དེ་ལྟར་ལྟ་བ་གང་ཡིན་པའི་ལྟ་བ་དེ་ནི་ཀུན་ཏུ་འདོད་ཆགས་པར་འགྱུར་གྱི་། ཀུན་ཏུ་འདོད་ཆགས་པ་མེད་པར་མི་འགྱུར་རོ་༎	T02n0099_034:0249b15_6	若言一切忍者，此見與貪俱生，非不貪；
K10D0343_H0351:434a-11	ཀུན་ཏུ་ཞེ་སྡང་བར་འགྱུར་གྱི་། ཀུན་ཏུ་ཞེ་སྡང་བ་མེད་པར་མི་འགྱུར་རོ་༎ ཀུན་ཏུ་གཏི་མུག་པར་འགྱུར་གྱི་། ཀུན་ཏུ་གཏི་མུག་པ་མེད་པར་མི་འགྱུར་རོ་༎	T02n0099_034:0249b16_3	與恚俱生，非不恚，與癡俱生，非不癡；
K10D0343_H0351:435a-12	གལ་ཏེ་བདག་ཐམས་ཅད་འདོད་དོ་ཞེས་དེ་ལྟར་ལྟ་ཞིང་དེ་སྐད་སྨྲ་ན་ནི་བདག་ནི་ཐམས་ཅད་མི་འདོད་དོ་ཞེས་དེ་ལྟར་ལྟ་ཞིང་དེ་སྐད་སྨྲ་བ་གང་ཡིན་པ་དང་། བདག་ནི་གཅིག་ནི་འདོད་ལ་གཅིག་ནི་མི་འདོད་དོ་ཞེས་དེ་ལྟར་ལྟ་ཞིང་དེ་སྐད་སྨྲ་བ་གང་ཡིན་པ་དེ་གཉིས་དང་བདག་འགྱེད་པར་འགྱུར་རོ་༎ འགྱེད་པར་གྱུར་ན་རྩོད་པར་འགྱུར་རོ་༎ རྩོད་པར་གྱུར་ན་རྣམ་པར་འཚེ་བར་འགྱུར་རོ་སྙམ་སྟེ་།	T02n0099_034:0249b07_10	「如是知、如是見，此見則已斷、已捨、已離，餘見更不相續、不起、不生。 火種！ 多人與汝所見同，多人作如是見、如是說，汝亦與彼相似，火種！ 若諸沙門、婆羅門捨斯等見，餘見不起，是等沙門、婆羅門世間亦少少耳。
K10D0343_H0351:435a-16	ལྟ་བ་དེ་ཡང་སྤོང་ལ་ལྟ་བ་གཞན་ཡང་མི་ལེན་ཏོ་༎	T02n0099_034:0249b12_19	』復次，有一如是見、如是說： 『我一切不忍。 』復次，有一如是見、如是說： 『我於一忍、一不忍』。
K10D0343_H0351:435b-1	ལྟ་བ་གཞན་ཡང་ཉིང་མཚམས་སྦྱོར་བར་མི་འགྱུར་།	T02n0099_034:0249b17_13	『我一切不忍。 』此見非貪俱、非恚俱、非癡俱，清淨非煩惱，離繫非繫，不樂不取，不著生。 火種！ 若如是見：
K10D0343_H0351:434a-15	ཀུན་ཏུ་སྦྱོར་བར་འགྱུར་གྱི་། ཀུན་ཏུ་འབྲལ་བར་མི་འགྱུར་རོ་༎ ཀུན་ནས་ཉོན་མོངས་པར་འགྱུར་གྱི་། རྣམ་པར་བྱང་བར་མི་འགྱུར་རོ་༎	T02n0099_034:0249b17_1	繫，不離繫，煩惱，非清淨，樂取，染著生。
K10D0343_H0351:434b-8	རྣམ་པར་བྱང་བར་འགྱུར་གྱི་། ཀུན་ནས་ཉོན་མོངས་པར་མི་འགྱུར་རོ་༎ ཀུན་ཏུ་འབྲི་བར་འགྱུར་གྱི་། ཀུན་ཏུ་འཕེལ་བར་མི་འགྱུར་ཏེ་། མངོན་པར་དགའ་བ་མེད་པ་དང་། ཉེ་བར་ལེན་པ་མེད་པ་དང་། ལྷག་པར་ཞེན་པ་མེད་པར་འགྱུར་རོ་༎	T02n0099_034:0249b19_7	』此見非貪俱、非恚俱、非癡俱，清淨非煩惱，離繫非繫，不樂不取，不著生。
K10D0343_H0351:434b-14	དེ་ལ་བདག་ནི་གཅིག་ནི་འདོད་ལ་གཅིག་ནི་མི་འདོད་དོ་ཞེས་དེ་ལྟར་ལྟ་བ་གང་ཡིན་པའི་ལྟ་བ་དེ་ལ་རེ་ཞིག་དེས་འདོད་པ་གང་ཡིན་པ་དེ་ནི་འདོད་ཆགས་པར་འགྱུར་གྱི་།	T02n0099_034:0249b19_15	若如是見：
K10D0343_H0351:435b-2	ཉེ་བར་ལེན་པར་མི་འགྱུར་། ཉེ་བར་ལེན་པར་མི་འགྱུར་།	T02n0099_034:0249b20_2	『我一忍、一不忍。
K10D0343_H0351:435b-8	འགྱེད་པར་གྱུར་ན་རྩོད་པར་འགྱུར་རོ་༎ རྩོད་པར་གྱུར་ན་རྣམ་པར་འཚེ་བར་འགྱུར་རོ་སྙམ་སྟེ་། འགྱེད་པ་དང་བཅས་པ་དང་། རྩོད་པ་དང་བཅས་པ་དང་། རྣམ་པར་འཚེ་བ་དང་བཅས་པར་ཡང་དག་པར་མཐོང་ནས་། ལྟ་བ་དེ་ཡང་སྤོང་ལ་ལྟ་བ་གཞན་ཡང་མི་ལེན་ཏོ་༎	T02n0099_034:0249b26_8	責故詰，詰故害，彼見責、見詰、見害故，則捨所見，餘見則不復生。
K10D0343_H0351:435b-12	དེ་ལྟར་ན་ལྟ་བ་དེ་ཡང་སྤོང་བ་དང་། འདོར་བ་དང་། སེལ་བར་འགྱུར་ལ་ལྟ་བ་གཞན་ཡང་ཉིང་མཚམས་སྦྱོར་བར་མི་འགྱུར་། ཉེ་བར་ལེན་པར་མི་འགྱུར་། འབྱུང་བར་མི་འགྱུར་རོ་༎	T02n0099_034:0249b27_10	如是斷見、捨見、離見，餘見不復相續，不起不生。
K10D0343_H0351:435b-15	དེ་ལ་ཐོས་པ་དང་ལྡན་པའི་འཕགས་པ་ཉན་ཐོས་ནི་འདི་ལྟར་སོ་སོ་ཡང་དག་པར་སློབ་པར་བྱེད་དེ་།	T02n0099_034:0249b28_3	』「彼多聞聖弟子作如是學：
K10D0343_H0351:436a-0	གལ་ཏེ་བདག་གཅིག་ནི་འདོད་ལ་གཅིག་ནི་མི་འདོད་དོ་ཞེས་དེ་ལྟར་ལྟ་ཞིང་དེ་སྐད་སྨྲ་ན་ནི་གཅིག་ནི་ཐམས་ཅད་འདོད་དོ་ཞེས་དེ་ལྟར་ལྟ་ཞིང་དེ་སྐད་སྨྲ་བ་གང་ཡིན་པ་དང་། བདག་ནི་ཐམས་ཅད་མི་འདོད་དོ་ཞེས་དེ་ལྟར་སྨྲ་ཞིང་དེ་སྐད་སྨྲ་༄༤༣༦ཨ་༌༎	T02n0099_034:0249b28_14	『我若如是見、如是說： 「我一切不忍。 」者，則有二種二詰。 何等為二？ 謂我一切忍，及一忍、一不忍。
K10D0343_H0351:436a-2	འགྱེད་པར་གྱུར་ན་རྩོད་པར་འགྱུར་རོ་༎ རྩོད་པར་གྱུར་ན་རྣམ་པར་འཚེ་བར་འགྱུར་རོ་སྙམ་སྟེ་།	T02n0099_034:0249c03_9	『我若作如是見、如是說： 「一忍、一不忍。 」則有二責二詰。
K10D0343_H0351:435b-5	དེ་ལ་ཐོས་པ་དང་ལྡན་པའི་འཕགས་པ་ཉན་ཐོས་ནི་འདི་ལྟར་སོ་སོ་ཡང་དག་པར་སློབ་པར་བྱེད་དེ་།	T02n0099_034:0249b22_7	「彼多聞聖弟子所學言：
K10D0343_H0351:435b-6	གལ་ཏེ་བདག་ཐམས་ཅད་མི་འདོད་དོ་ཞེས་དེ་ལྟར་ལྟ་ཞིང་དེ་སྐད་སྨྲ་ན་ནི་།	T02n0099_034:0249b22_19	『我若作如是見、如是說： 「我一切忍。
K10D0343_H0351:435b-7	བདག་ནི་ཐམས་ཅད་འདོད་དོ་ཞེས་དེ་ལྟར་ལྟ་ཞིང་དེ་སྐད་སྨྲ་བ་གང་ཡིན་པ་དང་། བདག་ནི་གཅིག་ནི་འདོད་ལ་གཅིག་ནི་མི་འདོད་དོ་ཞེས་དེ་ལྟར་ལྟ་ཞིང་དེ་སྐད་སྨྲ་བ་གང་ཡིན་པ་དེ་གཉིས་དང་བདག་འགྱེད་པར་འགྱུར་རོ་༎	T02n0099_034:0249b23_16	」則為二者所責、所詰。 何等二種？ 謂一切不忍，及一忍、一不忍，則為此等所責。
K10D0343_H0351:436a-5	ལྟ་བ་དེ་ཡང་སྤོང་ལ་ལྟ་བ་གཞན་ཡང་མི་ལེན་ཏོ་༎	T02n0099_034:0249c04_17	謂如是見、如是說： 「我一切忍，及一切不忍。
K10D0343_H0351:436a-6	དེ་ལྟར་ན་ལྟ་བ་དེ་ཡང་སྤོང་བ་དང་། འདོར་བ་དང་། སེལ་བར་འགྱུར་ལ་ལྟ་བ་གཞན་ཡང་ཉིང་མཚམས་སྦྱོར་བར་མི་འགྱུར་། ཉེ་བར་ལེན་པར་མི་འགྱུར་། འབྱུང་བར་མི་འགྱུར་རོ་༎	T02n0099_034:0249c06_4	」如是二責，乃至不相續，不起不生。
K10D0343_H0351:436a-9	མེའི་ཆ་ལུགས་ཅན་གྱི་བུ་ལུས་འདི་ནི་གཟུགས་ཅན་རགས་པ་འབྱུང་བ་ཆེན་པོ་བཞིའི་རྒྱུ་ལས་བྱུང་བ་སྟེ་།	T02n0099_034:0249c06_12	』「復次，火種！ 如是身色麁四大，聖弟子當觀無常、觀生滅、觀離欲、觀滅盡、觀捨。
K10D0343_H0351:436a-10	དེ་ལ་ནི་འཕགས་པ་ཉན་ཐོས་ཀྱིས་རྒྱུན་མི་འཆད་པར་སྐྱེ་བ་དང་། འཇིག་པར་རྗེས་སུ་ལྟ་བས་གནས་པར་བྱའོ་༎ འདོད་ཆགས་དང་བྲལ་བར་རྗེས་སུ་ལྟ་བ་དང་། འགོག་པར་རྗེས་སུ་ལྟ་བ་དང་། སྤངས་པར་རྗེས་སུ་ལྟ་བས་གནས་པར་བྱའོ་༎ འཕགས་པ་ཉན་ཐོས་ཀྱིས་དེ་ལ་རྒྱུན་མི་འཆད་པར་སྐྱེ་བ་དང་། འཇིག་པར་ལྟ་བས་གནས་ན་དེའི་ལུས་ལ་འདུན་པ་དང་། ལུས་ལ་བྱམས་པ་དང་། ལུས་ལ་ཕངས་པ་དང་། ལུས་ལ་གནས་པ་དང་། ལུས་ལ་ཞེན་པ་དང་།	T02n0099_034:0249c10_9	若聖弟子觀無常、觀滅、觀離欲、觀滅盡、觀捨住者，於彼身、身欲、身念、身愛、身染、身著，永滅不住。
K10D0343_H0351:437a-1	ཡིན་། སྐྱེད་པ་ནི་གང་ཡིན་། རིགས་ནི་གང་ཡིན་། འབྱུང་བར་བྱེད་པ་ནི་གང་ཡིན་ཞེ་ན་།	T02n0099_034:0249c11_19	何集？ 何生？ 何轉？
K10D0343_H0351:437a-4	ཚོར་བ་འདི་རྣམས་ཀྱི་གཞི་ནི་རེག་པའོ་༎ སྐྱེད་པ་ནི་རེག་པའོ་༎ རིགས་ནི་རེག་པའོ་༎ འབྱུང་བར་བྱེད་པ་ནི་རེག་པ་སྟེ་།	T02n0099_034:0249c12_20	謂此三受觸因、觸集、觸生、觸轉。
K10D0343_H0351:436b-22	དེ་འདི་སྙམ་དུ་སེམས་ཏེ་། ཚོར་བ་འདི་རྣམས་ཀྱི་གཞི་ནི་གང་༄༤༣༧ཨ་༌༎	T02n0099_034:0249c11_16	此三種受，何因？
K10D0343_H0351:437a-12	མེད་པར་འགྱུར་རོ་སྙམ་ནས་དེས་བདེ་བའམ་། སྡུག་བསྔལ་བའམ་། སྡུག་བསྔལ་བ་ཡང་མ་ཡིན་།	T02n0099_034:0249c14_19	彼於此三受，覺苦、覺樂、覺不苦不樂。
K10D0343_H0351:437a-15	བདེ་བ་ཡང་མ་ཡིན་པའི་ཚོར་བ་འགའ་ཞིག་མྱོང་ན་ཚོར་བ་དེ་དག་གི་སྐྱེ་བ་དང་། མེད་པར་འགྱུར་བ་དང་། ཉམས་པ་དང་། ཉེས་དམིགས་དང་། ངེས་པར་འབྱུང་བ་ཡང་དག་པ་ཇི་ལྟ་བ་བཞིན་དུ་རབ་ཏུ་ཤེས་སོ་༎	T02n0099_034:0249c15_19	彼彼受若集、若滅、若味、若患、若出如實知；
K10D0343_H0351:437a-8	རེག་པ་དེ་དང་དེ་སྐྱེས་ན་ཚོར་བ་དེ་དང་དེ་དག་སྐྱེ་བར་འགྱུར་ལ་།	T02n0099_034:0249c13_6	彼彼觸集，則受集；
K10D0343_H0351:437a-9	རེག་པ་དེ་དང་དེ་འགགས་ན་ཚོར་བ་དེ་དང་དེ་དག་འགག་པར་འགྱུར་། ཉེ་བར་ཞི་བར་འགྱུར་། བསིལ་བར་འགྱུར་།	T02n0099_034:0249c14_1	彼彼觸滅，則受滅，寂靜、清涼、永盡。
K10D0343_H0351:437a-16	དེས་ཚོར་བ་དེ་དག་གི་སྐྱེ་བ་དང་། མེད་པར་འགྱུར་བ་དང་། ཉམས་པ་དང་། ཉེས་དམིགས་དང་། ངེས་པར་འབྱུང་བ་ཡང་དག་པར་ཇི་ལྟ་བ་བཞིན་དུ་རབ་ཏུ་ཤེས་པས་ཚོར་བ་སྐྱེས་སོ་ཅོག་ལ་མི་རྟག་པར་རྗེས་སུ་ལྟ་བ་དང་། འཇིག་པར་རྗེས་སུ་ལྟ་བ་དང་། འགོག་པར་རྗེས་སུ་ལྟ་བ་དང་། སྤོང་བར་རྗེས་སུ་ལྟ་བས་གནས་སོ་༎ དེ་ལུས་དང་དུས་མཉམ་པའི་ཚོར་བ་མྱོང་བ་ན་། ལུས་དང་དུས་མཉམ་པའི་ཚོར་བ་མྱོང་ངོ་སྙམ་དུ་ཡང་དག་པ་ཇི་ལྟ་བ་བཞིན་དུ་རབ་ཏུ་ཤེས་སོ་། སྲོག་དང་དུས་མཉམ་པའི་༄༤༣༧བ་ཚོར་བ་མྱོང་བ་ན་།	T02n0099_034:0249c17_8	如實知已，即於彼受觀察無常、觀生滅、觀離欲、觀滅盡、觀捨。
K10D0343_H0351:437b-9	སྡུག་བསྔལ་དང་། སྡུག་བསྔལ་བ་ཡང་མ་ཡིན་། བདེ་བ་ཡང་མ་ཡིན་པའི་ཚོར་བ་མྱོང་ན་ཡང་སྡུག་བསྔལ་གྱི་མཐར་ནི་དེ་ཁོ་ནར་ཟད་དོ་སྙམ་མོ་༎	T02n0099_034:0249c21_17	不苦不樂受覺時，其身亦壞，悉為苦邊。
K10D0343_H0351:437b-11	དེ་བདེ་བའི་ཚོར་བ་མྱོང་ན་ཡང་མི་ལྡན་པ་མྱོང་གི་ལྡན་པ་ནི་མ་ཡིན་ནོ་༎	T02n0099_034:0249c22_8	於彼樂覺，離繫不繫；
K10D0343_H0351:437b-12	སྡུག་བསྔལ་དང་། སྡུག་བསྔལ་ཡང་མ་ཡིན་། བདེ་བ་ཡང་མ་ཡིན་པའི་ཚོར་བ་མྱོང་ན་ཡང་མི་ལྡན་པ་མྱོང་གི་། ལྡན་པ་ནི་མ་ཡིན་ནོ་༎	T02n0099_034:0249c22_18	於彼苦覺，離繫不繫； 於不苦不樂覺，離繫不繫。
K10D0343_H0351:437b-15	མི་ལྡན་པ་ཅི་དང་མི་ལྡན་ཞེ་ན་།	T02n0099_034:0249c23_16	於何離繫？
K10D0343_H0351:437b-16	འདོད་ཆགས་དང་། ཞེ་སྡང་དང་། གཏི་མུག་དང་མི་ལྡན་ནོ་༎ སྐྱེ་བ་དང་། རྒ་བ་དང་། ན་བ་དང་། འཆི་བ་དང་། མྱ་ངན་དང་། སྨྲེ་སྔགས་འདོན་པ་དང་། སྡུག་བསྔལ་བ་དང་། ཡིད་མི་བདེ་བ་དང་། འཁྲུག་པ་རྣམས་དང་། སྡུག་བསྔལ་དང་མི་ལྡན་ནོ་༎ ཞེས་ང་སྨྲའོ་༎	T02n0099_034:0249c25_9	離於貪欲、瞋恚、愚癡，離於生、老、病、死、憂、悲、惱、苦，我說斯等，名為離苦。
K10D0343_H0351:437b-1	སྲོག་དང་དུས་མཉམ་པའི་ཚོར་བ་མྱོང་ངོ་སྙམ་དུ་ཡང་དག་པ་ཇི་ལྟ་བ་བཞིན་དུ་རབ་ཏུ་ཤེས་ཏེ་། སྲོག་གི་མཐར་ཐུག་ནས་། ལུས་དང་བྲལ་བའི་འོག་ཏུ་དེའི་ཚོར་བ་ཐམས་ཅད་མ་ལུས་པར་འདི་ཉིད་དུ་འགག་པར་འགྱུར་། མ་ལུས་པར་མེད་པ་དང་། ཡོངས་སུ་ཟད་པ་དང་། གཏུགས་པར་འགྱུར་རོ་༎	T02n0099_034:0249c19_13	彼於身分齊受覺如實知，於命分齊受覺如實知，若彼身壞命終後，即於爾時一切受永滅、無餘永滅。
K10D0343_H0351:437b-19	དེའི་ཚེ་ཚེ་དང་ལྡན་པ་ཤའ་རིའི་བུ་བསྙེན་པར་རྫོགས་ནས་ཟླ་བ་ཕྱེད་ལོན་པ་དང་། བཅོམ་ལྡན་འདས་ཀྱི་སྣམ་ལོགས་སུ་འགྲེང་སྟེ་། བསིལ་ཡབ་ཐོགས་ནས་། བཅོམ་ལྡན་འདས་ལ་ག-ཡོབ་༄༤༣༨ཨ་༌༎ པར་བྱེད་དོ་༎	T02n0099_034:0249c26_8	』」當於爾時，尊者舍利弗受具足始經半月。 時，尊者舍利弗住於佛後，執扇扇佛。
K10D0343_H0351:438a-2	དེ་ནས་ཚེ་དང་ལྡན་པ་ཤའ་རིའི་བུ་འདི་སྙམ་དུ་སེམས་ཏེ་།	T02n0099_034:0249c27_18	時，尊者舍利弗作是念：
K10D0343_H0351:438a-3	བཅོམ་ལྡན་འདས་ནི་ཆོས་དེ་དང་། དེ་དག་གི་མྱོང་བ་འབའ་ཞིག་བརྗོད་པར་མཛད་། འདོད་ཆགས་དང་བྲལ་བ་འབའ་ཞིག་དང་། འགོག་པ་འབའ་ཞིག་དང་། དོར་བ་འབའ་ཞིག་བརྗོད་པར་མཛད་ཀྱི་།	T02n0099_034:0249c28_20	「世尊歎說於彼彼法，斷欲、離欲，欲滅盡、欲捨。
K10D0343_H0351:437b-5	དེ་འདི་སྙམ་དུ་སེམས་ཏེ་།	T02n0099_034:0249c20_1	彼作是念：
K10D0343_H0351:437b-6	ལུས་དང་བྲལ་བའི་ཚེ་། བདེ་བའི་ཚོར་བ་མྱོང་བ་ཡང་སྡུག་བསྔལ་གྱི་མཐར་ནི་དེ་ཁོ་ནར་ཟད་དོ་༎ ལུས་དང་བྲལ་བའི་ཚེ་།	T02n0099_034:0249c20_12	『樂受覺時，其身亦壞； 苦受覺時，其身亦壞；
K10D0343_H0351:438a-5	མ་ལ་། བདག་ཀྱང་ཆོས་དེ་དང་། དེ་དག་སྤོང་བར་རྗེས་སུ་ལྟ་བས་གནས་བར་བྱ་གོར་མ་ཆག་། འདོད་ཆགས་དང་བྲལ་བར་རྗེས་སུ་ལྟ་བ་དང་། འགོག་པར་རྗེས་སུ་ལྟ་བ་དང་། དོར་བར་རྗེས་སུ་ལྟ་བས་གནས་པ་བྱ་གོར་མ་ཆག་སྙམ་མོ་༎ དེ་ནས་ཚེ་དང་ལྡན་པ་ཤའ་རིའི་བུ་ཆོས་དེ་དང་། དེ་དག་ལ་མི་རྟག་པར་རྗེས་སུ་ལྟ་བས་གནས་པ་དང་། འཇིག་པར་རྗེས་སུ་ལྟ་བ་དང་། འདོད་ཆགས་དང་བྲལ་བར་རྗེས་སུ་ལྟ་བ་དང་། འགོག་པར་རྗེས་སུ་ལྟ་བ་དང་། དོར་བར་རྗེས་སུ་ལྟ་བས་གནས་ནས་།	T02n0099_034:0250a02_3	」爾時，尊者舍利弗即於彼彼法觀察無常，觀生滅、觀離欲、觀滅盡、觀捨，不起諸漏，心得解脫。
K10D0343_H0351:438a-9	ལེན་པ་མེད་པར་ཟག་པ་རྣམས་ལས་སེམས་རྣམ་པར་གྲོལ་ལོ་༎ ཀུན་ཏུ་རྒྱུ་སེན་རིང་ཡང་ཆོས་རྣམས་ལ་ཆོས་ཀྱི་མིག་རྡུལ་མེད་ཅིང་དྲི་མ་དང་བྲལ་བ་སྐྱེས་སོ་༎	T02n0099_034:0250a03_2	爾時，長爪外道出家遠塵離垢，得法眼淨。
